0.5
0.6
0.7
0.7999999999999999
0.8999999999999999
0.9999999999999999
1.0999999999999999
1.2
1.3
1.4000000000000001
1.5000000000000002
1.6000000000000003
1.7000000000000004
1.8000000000000005
1.9000000000000006
2.0000000000000004
2.1000000000000005
2.2000000000000006
2.3000000000000007
2.400000000000001
2.500000000000001
2.600000000000001
2.700000000000001
2.800000000000001
2.9000000000000012
3.0000000000000013
3.1000000000000014
3.2000000000000015
3.3000000000000016
3.4000000000000017
3.5000000000000018
3.600000000000002
3.700000000000002
3.800000000000002
3.900000000000002
4.000000000000002
4.100000000000001
4.200000000000001
4.300000000000001
4.4
4.5
4.6
4.699999999999999
4.799999999999999
4.899999999999999
4.999999999999998
5.099999999999998
5.1999999999999975
5.299999999999997
5.399999999999997
5.4999999999999964
5.599999999999996
5.699999999999996
5.799999999999995
5.899999999999995
5.999999999999995
6.099999999999994
6.199999999999994
6.299999999999994
6.399999999999993
6.499999999999993
6.5999999999999925
6.699999999999992
6.799999999999992
6.8999999999999915
6.999999999999991
7.099999999999991
7.19999999999999
7.29999999999999
7.39999999999999
7.499999999999989
7.599999999999989
7.699999999999989
7.799999999999988
7.899999999999988
7.999999999999988
8.099999999999987
8.199999999999987
8.299999999999986
8.399999999999986
8.499999999999986
8.599999999999985
8.699999999999985
8.799999999999985
8.899999999999984
8.999999999999984
9.099999999999984
9.199999999999983
9.299999999999983
9.399999999999983
9.499999999999982
9.599999999999982
9.699999999999982
9.799999999999981
9.89999999999998
9.99999999999998
10.09999999999998
10.19999999999998
10.29999999999998
10.399999999999979
10.499999999999979
10.599999999999978
10.699999999999978
10.799999999999978
10.899999999999977
10.999999999999977
11.099999999999977
11.199999999999976
11.299999999999976
19.300000000000004
19.400000000000006
19.500000000000007
19.60000000000001
19.70000000000001
19.80000000000001
19.900000000000013
20.000000000000014
20.100000000000016
20.200000000000017
20.30000000000002
20.40000000000002
20.50000000000002
20.600000000000023
20.700000000000024
20.800000000000026
20.900000000000027
21.00000000000003
21.10000000000003
21.20000000000003
21.300000000000033
21.400000000000034
21.500000000000036
21.600000000000037
21.70000000000004
21.80000000000004
21.90000000000004
22.000000000000043
22.100000000000044
22.200000000000045
22.300000000000047
22.40000000000005
22.50000000000005
22.60000000000005
22.700000000000053
22.800000000000054
22.900000000000055
23.000000000000057
23.10000000000006
23.20000000000006
23.30000000000006
23.400000000000063
23.500000000000064
23.600000000000065
23.700000000000067
23.800000000000068
23.90000000000007
24.00000000000007
24.100000000000072
24.200000000000074
24.300000000000075
24.400000000000077
24.500000000000078
24.60000000000008
24.70000000000008
24.800000000000082
24.900000000000084
25.000000000000085
25.100000000000087
25.200000000000088
25.30000000000009
25.40000000000009
25.500000000000092
25.600000000000094
25.700000000000095
25.800000000000097
25.900000000000098
26.0000000000001
26.1000000000001
26.200000000000102
26.300000000000104
26.400000000000105
26.500000000000107
26.600000000000108
26.70000000000011
26.80000000000011
26.900000000000112
27.000000000000114
27.100000000000115
27.200000000000117
27.300000000000118
27.40000000000012
27.50000000000012
27.600000000000122
27.700000000000124
27.800000000000125
27.900000000000126
28.000000000000128
28.10000000000013
28.20000000000013
28.300000000000132
28.400000000000134
28.500000000000135
28.600000000000136
28.700000000000138
28.80000000000014
28.90000000000014
29.000000000000142
29.100000000000144
29.200000000000145
29.300000000000146
29.400000000000148
29.50000000000015
29.60000000000015
29.700000000000152
29.800000000000153
29.900000000000155
30.000000000000156
30.100000000000158
30.20000000000016
30.30000000000016
30.400000000000162
30.500000000000163
30.600000000000165
30.700000000000166
30.800000000000168
30.90000000000017
31.00000000000017
31.100000000000172
31.200000000000173
31.300000000000175
31.400000000000176
31.500000000000178
31.60000000000018
31.70000000000018
31.800000000000182
31.900000000000183
32.000000000000185
32.100000000000186
32.20000000000019
32.30000000000019
32.40000000000019
32.50000000000019
32.60000000000019
32.700000000000195
32.800000000000196
32.9000000000002
33.0000000000002
33.1000000000002
33.2000000000002
33.3000000000002
33.400000000000205
33.500000000000206
33.60000000000021
33.70000000000021
33.80000000000021
33.90000000000021
34.00000000000021
34.100000000000215
34.200000000000216
34.30000000000022
34.40000000000022
34.50000000000022
34.60000000000022
34.70000000000022
34.800000000000225
34.900000000000226
35.00000000000023
35.10000000000023
35.20000000000023
35.30000000000023
35.40000000000023
35.500000000000234
35.600000000000236
35.70000000000024
35.80000000000024
35.90000000000024
36.00000000000024
36.10000000000024
36.200000000000244
36.300000000000246
36.40000000000025
36.50000000000025
36.60000000000025
36.70000000000025
36.80000000000025
36.900000000000254
37.000000000000256
37.10000000000026
37.20000000000026
37.30000000000026
37.40000000000026
37.50000000000026
37.600000000000264
37.700000000000266
37.80000000000027
37.90000000000027
38.00000000000027
38.10000000000027
38.20000000000027
38.300000000000274
38.400000000000276
38.50000000000028
38.60000000000028
38.70000000000028
38.80000000000028
38.90000000000028
39.000000000000284
39.100000000000286
39.20000000000029
39.30000000000029
39.40000000000029
39.50000000000029
39.60000000000029
39.700000000000294
39.800000000000296
39.9000000000003
40.0000000000003
40.1000000000003
40.2000000000003
40.3000000000003
40.400000000000304
40.500000000000306
40.60000000000031
40.70000000000031
40.80000000000031
40.90000000000031
41.00000000000031
41.100000000000314
41.200000000000315
41.30000000000032
41.40000000000032
41.50000000000032
41.60000000000032
41.70000000000032
41.800000000000324
41.900000000000325
42.00000000000033
42.10000000000033
42.20000000000033
42.30000000000033
42.40000000000033
42.500000000000334
42.600000000000335
42.70000000000034
42.80000000000034
42.90000000000034
43.00000000000034
43.10000000000034
43.200000000000344
43.300000000000345
43.40000000000035
43.50000000000035
43.60000000000035
43.70000000000035
43.80000000000035
43.900000000000354
44.000000000000355
44.10000000000036
44.20000000000036
44.30000000000036
55.10000000000051
55.200000000000514
55.300000000000516
55.40000000000052
55.50000000000052
55.60000000000052
55.70000000000052
55.80000000000052
55.900000000000524
56.000000000000526
56.10000000000053
56.20000000000053
56.30000000000053
56.40000000000053
56.50000000000053
56.600000000000534
56.700000000000536
56.80000000000054
56.90000000000054
57.00000000000054
57.10000000000054
57.20000000000054
57.300000000000544
57.400000000000546
57.50000000000055
57.60000000000055
57.70000000000055
57.80000000000055
57.90000000000055
58.000000000000554
58.100000000000556
58.20000000000056
58.30000000000056
58.40000000000056
58.50000000000056
58.60000000000056
58.700000000000564
58.800000000000566
58.90000000000057
59.00000000000057
59.10000000000057
59.20000000000057
59.30000000000057
59.400000000000574
59.500000000000576
59.60000000000058
59.70000000000058
59.80000000000058
59.90000000000058
60.00000000000058
60.100000000000584
60.200000000000585
60.30000000000059
60.40000000000059
60.50000000000059
60.60000000000059
60.70000000000059
60.800000000000594
60.900000000000595
61.0000000000006
61.1000000000006
61.2000000000006
61.3000000000006
61.4000000000006
61.500000000000604
61.600000000000605
61.70000000000061
61.80000000000061
61.90000000000061
62.00000000000061
62.10000000000061
62.200000000000614
62.300000000000615
62.40000000000062
62.50000000000062
62.60000000000062
62.70000000000062
62.80000000000062
62.900000000000624
63.000000000000625
63.10000000000063
63.20000000000063
63.30000000000063
63.40000000000063
63.50000000000063
63.600000000000634
63.700000000000635
63.80000000000064
63.90000000000064
64.00000000000064
64.10000000000063
64.20000000000063
64.30000000000062
64.40000000000062
64.50000000000061
64.6000000000006
64.7000000000006
64.8000000000006
64.90000000000059
65.00000000000058
65.10000000000058
65.20000000000057
65.30000000000057
65.40000000000056
65.50000000000055
65.60000000000055
65.70000000000054
65.80000000000054
65.90000000000053
66.00000000000053
66.10000000000052
66.20000000000051
66.30000000000051
66.4000000000005
66.5000000000005
66.60000000000049
66.70000000000049
66.80000000000048
66.90000000000047
67.00000000000047
67.10000000000046
67.20000000000046
67.30000000000045
67.40000000000045
67.50000000000044
67.60000000000043
67.70000000000043
67.80000000000042
67.90000000000042
68.00000000000041
68.1000000000004
68.2000000000004
68.3000000000004
68.40000000000039
68.50000000000038
68.60000000000038
68.70000000000037
68.80000000000037
68.90000000000036
69.00000000000036
69.10000000000035
69.20000000000034
69.30000000000034
69.40000000000033
69.50000000000033
69.60000000000032
69.70000000000032
69.80000000000031
69.9000000000003
70.0000000000003
70.10000000000029
70.20000000000029
70.30000000000028
70.40000000000028
70.50000000000027
70.60000000000026
70.70000000000026
70.80000000000025
70.90000000000025
71.00000000000024
71.10000000000024
71.20000000000023
71.30000000000022
71.40000000000022
71.50000000000021
71.60000000000021
71.7000000000002
71.8000000000002
71.90000000000019
72.00000000000018
72.10000000000018
72.20000000000017
72.30000000000017
72.40000000000016
72.50000000000016
72.60000000000015
72.70000000000014
72.80000000000014
72.90000000000013
73.00000000000013
73.10000000000012
73.20000000000012
73.30000000000011
73.4000000000001
73.5000000000001
73.6000000000001
73.70000000000009
73.80000000000008
73.90000000000008
74.00000000000007
74.10000000000007
74.20000000000006
74.30000000000005
74.40000000000005
74.50000000000004
74.60000000000004
74.70000000000003
74.80000000000003
74.90000000000002
75.00000000000001
75.10000000000001
75.2
75.3
75.39999999999999
75.49999999999999
75.59999999999998
75.69999999999997
75.79999999999997
75.89999999999996
75.99999999999996
76.09999999999995
76.19999999999995
76.29999999999994
76.39999999999993
76.49999999999993
76.59999999999992
76.69999999999992
76.79999999999991
76.8999999999999
76.9999999999999
77.0999999999999
77.19999999999989
77.29999999999988
77.39999999999988
77.49999999999987
77.59999999999987
77.69999999999986
77.79999999999986
77.89999999999985
77.99999999999984
78.09999999999984
78.19999999999983
78.29999999999983
78.39999999999982
78.49999999999982
78.59999999999981
78.6999999999998
78.7999999999998
78.89999999999979
78.99999999999979
79.09999999999978
82.69999999999958
82.79999999999957
82.89999999999957
82.99999999999956
83.09999999999955
83.19999999999955
83.29999999999954
83.39999999999954
83.49999999999953
83.59999999999953
83.69999999999952
83.79999999999951
83.89999999999951
83.9999999999995
84.0999999999995
84.19999999999949
84.29999999999949
84.39999999999948
84.49999999999947
84.59999999999947
84.69999999999946
84.79999999999946
84.89999999999945
84.99999999999945
85.09999999999944
85.19999999999943
85.29999999999943
85.39999999999942
85.49999999999942
85.59999999999941
85.6999999999994
85.7999999999994
85.8999999999994
85.99999999999939
86.09999999999938
86.19999999999938
86.29999999999937
86.39999999999937
86.49999999999936
86.59999999999935
86.69999999999935
86.79999999999934
86.89999999999934
86.99999999999933
87.09999999999933
87.19999999999932
87.29999999999932
87.39999999999931
87.4999999999993
87.5999999999993
87.69999999999929
87.79999999999929
87.89999999999928
87.99999999999928
88.09999999999927
88.19999999999926
88.29999999999926
88.39999999999925
88.49999999999925
88.59999999999924
88.69999999999924
88.79999999999923
88.89999999999922
88.99999999999922
89.09999999999921
89.1999999999992
89.2999999999992
89.3999999999992
89.49999999999919
89.59999999999918
89.69999999999918
89.79999999999917
89.89999999999917
89.99999999999916
90.09999999999916
90.19999999999915
90.29999999999914
90.39999999999914
90.49999999999913
90.59999999999913
90.69999999999912
90.79999999999912
90.89999999999911
90.9999999999991
91.0999999999991
91.1999999999991
91.29999999999909
91.39999999999908
91.49999999999908
91.59999999999907
91.69999999999906
91.79999999999906
91.89999999999905
91.99999999999905
92.09999999999904
92.19999999999904
92.29999999999903
92.39999999999903
92.49999999999902
92.59999999999901
92.69999999999901
92.799999999999
92.899999999999
92.99999999999899
93.09999999999899
93.19999999999898
93.29999999999897
93.39999999999897
93.49999999999896
93.59999999999896
93.69999999999895
93.79999999999895
93.89999999999894
93.99999999999893
94.09999999999893
94.19999999999892
94.29999999999892
94.39999999999891
94.4999999999989
94.5999999999989
94.6999999999989
94.79999999999889
94.89999999999888
94.99999999999888
95.09999999999887
95.19999999999887
95.29999999999886
95.39999999999885
95.49999999999885
95.59999999999884
95.69999999999884
95.79999999999883
95.89999999999883
95.99999999999882
96.09999999999881
96.19999999999881
96.2999999999988
96.3999999999988
96.49999999999879
96.59999999999879
96.69999999999878
96.79999999999878
96.89999999999877
96.99999999999876
97.09999999999876
97.19999999999875
97.29999999999875
97.39999999999874
97.49999999999874
97.59999999999873
97.69999999999872
97.79999999999872
97.89999999999871
97.9999999999987
98.0999999999987
98.1999999999987
98.29999999999869
98.39999999999868
98.49999999999868
98.59999999999867
98.69999999999867
98.79999999999866
98.89999999999866
98.99999999999865
99.09999999999864
99.19999999999864
99.29999999999863
99.39999999999863
99.49999999999862
99.59999999999862
99.69999999999861
99.7999999999986
99.8999999999986